0 0.9048576951026917
1 0.8497804999351501
2 0.8161903023719788
3 0.698311448097229
4 0.6504223346710205
5 0.6340839266777039
6 0.6250308156013489
7 0.6076230406761169
8 0.5965229272842407
9 0.5919370055198669
10 0.5806897282600403
11 0.6024124622344971
12 0.5673186779022217
13 0.5718829035758972
14 0.550147533416748
15 0.6142891645431519
16 0.5349218249320984
17 0.5455476641654968
18 0.5780404806137085
19 0.5309235453605652
20 0.5303365588188171
21 0.5258542895317078
22 0.5247336626052856
23 0.5111386179924011
24 0.5103361010551453
25 0.5093530416488647
26 0.5081360340118408
27 0.5012866258621216
28 0.49983638525009155
29 0.5036535263061523
30 0.493939071893692
31 0.5498517751693726
32 0.49521172046661377
33 0.48100078105926514
34 0.47878867387771606
35 0.48368677496910095
36 0.4833487570285797
37 0.4773809313774109
38 0.47094523906707764
39 0.46804291009902954
40 0.4851345717906952
41 0.461584210395813
42 0.46365341544151306
43 0.46188321709632874
44 0.459531307220459
45 0.45469212532043457
46 0.4513007700443268
47 0.4425157308578491
48 0.4461745023727417
49 0.4526413381099701
50 0.4424794614315033
51 0.44170528650283813
52 0.4432048201560974
53 0.44275787472724915
54 0.4434173107147217
55 0.4302700459957123
56 0.4332849085330963
57 0.4297384023666382
58 0.4287679195404053
59 0.4320697784423828
60 0.4225335121154785
61 0.42504850029945374
62 0.42559921741485596
63 0.4189716875553131
