0 0.942851185798645
1 0.8433233499526978
2 0.7401460409164429
3 0.6555947661399841
4 0.6270372271537781
5 0.6016011238098145
6 0.7513761520385742
7 0.5749834179878235
8 0.5527356863021851
9 0.5464878082275391
10 0.5273797512054443
11 0.5116827487945557
12 0.5060388445854187
13 0.5183022022247314
14 0.4930821359157562
15 0.48792946338653564
16 0.49045300483703613
17 0.4747234880924225
18 0.48443663120269775
19 0.47285881638526917
20 0.46414613723754883
21 0.45078665018081665
22 0.4603208005428314
23 0.4545314610004425
24 0.4561825394630432
25 0.4398113489151001
26 0.43067508935928345
27 0.42793038487434387
28 0.41798123717308044
29 0.42348310351371765
30 0.4174574017524719
31 0.4340294897556305
32 0.4197050929069519
33 0.41228559613227844
34 0.411750465631485
35 0.44227710366249084
36 0.4067060947418213
37 0.3964182138442993
38 0.4002305269241333
39 0.3933711647987366
40 0.39313796162605286
41 0.3878718316555023
42 0.39054074883461
43 0.3829767107963562
44 0.4020824134349823
45 0.3908381462097168
46 0.3754367232322693
47 0.36672505736351013
48 0.36281704902648926
49 0.36950457096099854
50 0.36396288871765137
51 0.36936551332473755
52 0.35947561264038086
53 0.35928648710250854
54 0.35572829842567444
55 0.3538183867931366
