0 0.8658564686775208
1 0.7731555700302124
2 0.6317803859710693
3 0.6024141311645508
4 0.6390700936317444
5 0.5714104771614075
6 0.5104832053184509
7 0.5184563398361206
8 0.49212414026260376
9 0.5008964538574219
10 0.5085951089859009
11 0.4556550681591034
12 0.4700699746608734
13 0.44678324460983276
14 0.4432801306247711
15 0.4377291798591614
16 0.4294087290763855
17 0.41833800077438354
18 0.40960317850112915
19 0.4053492248058319
20 0.4021751880645752
21 0.40035033226013184
22 0.40684494376182556
23 0.3890618085861206
24 0.3958277106285095
25 0.3903495669364929
26 0.3893996775150299
27 0.40839049220085144
28 0.37471553683280945
29 0.3662729561328888
30 0.360424667596817
31 0.355349063873291
32 0.34972116351127625
33 0.34708553552627563
34 0.36210715770721436
35 0.3748422861099243
36 0.3374321758747101
37 0.34647491574287415
