0 0.8728296160697937
1 0.807928740978241
2 0.647878110408783
3 0.6075405478477478
4 0.5787794589996338
5 0.5560494661331177
6 0.5785237550735474
7 0.527428388595581
8 0.5063372254371643
9 0.4868660867214203
10 0.47586390376091003
11 0.49041059613227844
12 0.48310405015945435
13 0.45821473002433777
14 0.4726458787918091
15 0.43318358063697815
16 0.443499892950058
17 0.4254875183105469
18 0.42037662863731384
19 0.4210352301597595
20 0.4229332208633423
21 0.40581437945365906
22 0.40785402059555054
23 0.40408435463905334
24 0.4168075621128082
25 0.39467620849609375
26 0.3956011235713959
