0 0.9301963448524475
1 0.8510234355926514
2 0.8189070820808411
3 0.7499936819076538
4 0.765091061592102
5 0.6622599363327026
6 0.8122178912162781
7 0.6165344715118408
8 0.609157919883728
9 0.6439511775970459
10 0.6629225015640259
11 0.5884016752243042
12 0.58537358045578
13 0.6006824970245361
14 0.5778164267539978
15 0.5716300010681152
16 0.577625036239624
17 0.5605535507202148
18 0.5636228919029236
19 0.5156216621398926
20 0.5217654705047607
21 0.5063205361366272
22 0.5146655440330505
23 0.5271558165550232
24 0.49618831276893616
25 0.4863121211528778
26 0.4945249855518341
27 0.4898620545864105
28 0.4831245541572571
29 0.6082355380058289
30 0.47108253836631775
31 0.4720796048641205
32 0.4732836186885834
33 0.4713079333305359
34 0.46436479687690735
35 0.4585150480270386
36 0.4603428244590759
37 0.45234549045562744
38 0.44871842861175537
39 0.44411802291870117
40 0.4501079320907593
41 0.44104546308517456
