0 0.8571757078170776
1 0.7508345246315002
2 0.6520469784736633
3 0.6671720743179321
4 0.6323938965797424
5 0.604201078414917
6 0.5751336216926575
7 0.5707647800445557
8 0.5943189859390259
9 0.5372408628463745
10 0.5326700210571289
11 0.5316774249076843
12 0.5225451588630676
13 0.5236560702323914
14 0.5111691355705261
15 0.5027182102203369
16 0.502761721611023
17 0.5084503889083862
18 0.4979970157146454
19 0.48860520124435425
20 0.4911894202232361
21 0.4807974100112915
22 0.47612759470939636
23 0.4752202033996582
24 0.4730164706707001
25 0.47131359577178955
26 0.4649093449115753
27 0.47908255457878113
28 0.4788450598716736
29 0.4521276354789734
30 0.46574655175209045
31 0.45322665572166443
32 0.44684335589408875
