0 0.997208297252655
1 0.9041198492050171
2 0.8556270599365234
3 0.8159161806106567
4 0.7154532670974731
5 0.6685894131660461
6 0.6397019028663635
7 0.6243953108787537
8 0.599192202091217
9 0.5867586731910706
10 0.579501748085022
11 0.5659600496292114
12 0.5578328967094421
13 0.5522283911705017
14 0.5474690794944763
15 0.5405770540237427
16 0.5405440926551819
17 0.5311510562896729
18 0.5353278517723083
19 0.5184148550033569
20 0.5193803906440735
21 0.513107419013977
22 0.5087941288948059
23 0.5021896958351135
24 0.5000203847885132
25 0.5059088468551636
26 0.4963897168636322
27 0.48831453919410706
28 0.49874311685562134
29 0.4846996068954468
30 0.4828955829143524
31 0.48211464285850525
32 0.47431278228759766
33 0.4725341498851776
34 0.47695595026016235
35 0.4658747613430023
36 0.46468138694763184
37 0.46024757623672485
38 0.4607296288013458
39 0.4537467658519745
40 0.45088449120521545
41 0.4562615752220154
42 0.45075052976608276
43 0.4514796733856201
44 0.4526733160018921
45 0.4384101629257202
46 0.43852341175079346
47 0.4364999532699585
48 0.43559980392456055
49 0.43160611391067505
50 0.4333328306674957
51 0.42919400334358215
52 0.4340994954109192
