0 0.8691242337226868
1 0.7928438186645508
2 0.6399762034416199
3 0.6319772005081177
4 0.5937169194221497
5 0.5817668437957764
6 0.5474852919578552
7 0.5183872580528259
8 0.5082098245620728
9 0.48388195037841797
10 0.49703118205070496
11 0.46762049198150635
12 0.4614517092704773
13 0.4507509768009186
14 0.46576279401779175
15 0.450527548789978
16 0.4454297423362732
17 0.43161046504974365
18 0.41891875863075256
19 0.4197075664997101
20 0.42017826437950134
21 0.43143755197525024
22 0.4056187570095062
23 0.4224681258201599
24 0.40355706214904785
25 0.5139732360839844
26 0.38769322633743286
27 0.41068562865257263
28 0.39647188782691956
29 0.37794631719589233
30 0.37928077578544617
31 0.37650179862976074
32 0.3706284463405609
33 0.37756624817848206
34 0.35748904943466187
35 0.36688023805618286
36 0.3529350459575653
37 0.36090391874313354
38 0.351311057806015
39 0.3485128879547119
40 0.3385609984397888
41 0.33445116877555847
42 0.3345808684825897
43 0.32172486186027527
44 0.32655736804008484
45 0.3257046639919281
46 0.3153015077114105
47 0.3188207745552063
48 0.3162861466407776
49 0.31309810280799866
50 0.3090069591999054
51 0.30196794867515564
52 0.30885085463523865
53 0.30078649520874023
54 0.2948835790157318
55 0.2901359498500824
56 0.29837846755981445
57 0.2910718023777008
58 0.2855646014213562
59 0.2856924533843994
60 0.2810051441192627
61 0.2855028808116913
62 0.282552033662796
63 0.2793515920639038
64 0.27530163526535034
65 0.27534690499305725
