0 0.8715987205505371
1 0.768534779548645
2 0.662034273147583
3 0.7168204188346863
4 0.6165198683738708
5 0.6057759523391724
6 0.5787948966026306
7 0.562838077545166
8 0.559562087059021
9 0.5520906448364258
10 0.5352476835250854
11 0.5364117622375488
12 0.5424798727035522
13 1.0299550294876099
14 1.029932975769043
15 1.0299652814865112
16 1.0299674272537231
17 1.0299655199050903
18 1.0299410820007324
19 1.029935359954834
20 1.0299526453018188
21 1.0299663543701172
22 1.0299638509750366
23 1.0299547910690308
24 1.029950737953186
25 1.0299484729766846
26 1.0299441814422607
27 1.0299071073532104
28 1.029955267906189
29 1.029970407485962
30 1.0299711227416992
31 1.029971957206726
32 1.0299080610275269
33 1.0299021005630493
34 1.0299012660980225
35 1.029903531074524
36 1.0299018621444702
37 1.0299092531204224
38 1.0299732685089111
39 1.0299713611602783
40 1.0299758911132812
41 1.0299822092056274
42 1.0299875736236572
43 1.029990315437317
44 1.0299904346466064
45 1.0299862623214722
46 1.0299779176712036
47 1.029974341392517
48 1.0299631357192993
49 1.0299516916275024
50 1.0299419164657593
51 1.0299290418624878
52 1.0299248695373535
53 1.0299237966537476
