0 0.8727166056632996
1 0.8116090893745422
2 0.6579537391662598
3 0.6042314767837524
4 0.5673661231994629
5 0.7063443064689636
6 0.5335889458656311
7 0.5232773423194885
8 0.5050734877586365
9 0.482353538274765
10 0.5088264346122742
11 0.4582250714302063
12 0.45556485652923584
13 0.4602630138397217
14 0.43918508291244507
15 0.4413549602031708
16 0.4352702796459198
17 0.4253801107406616
18 0.4293331205844879
19 0.4257662892341614
20 0.41657203435897827
21 0.4200010895729065
22 0.40167492628097534
23 0.4056195020675659
24 0.40118101239204407
