0 0.9020982384681702
1 0.8269463181495667
2 0.7199168801307678
3 0.6038540005683899
4 0.5956106185913086
5 0.5368494391441345
6 0.5449997782707214
7 0.5253390073776245
8 0.5063207149505615
9 0.5081389546394348
10 0.4924701452255249
11 0.4832620322704315
12 0.46395355463027954
13 0.4492299556732178
14 0.4497582018375397
15 0.443143755197525
16 0.44418391585350037
17 0.4525239169597626
18 0.4369361102581024
19 0.42542821168899536
20 0.44984379410743713
21 0.42701685428619385
22 0.4161589741706848
23 0.4073549509048462
24 0.41181695461273193
25 0.4026939868927002
26 0.3962080776691437
27 0.38812175393104553
28 0.3856087028980255
29 0.3803727328777313
30 0.3913617432117462
31 0.3842606246471405
32 0.3718123733997345
33 0.38608652353286743
34 0.36365649104118347
35 0.37327420711517334
36 0.36555370688438416
37 0.3554476201534271
38 0.35779350996017456
