0 0.8723379373550415
1 0.755465567111969
2 0.6851533651351929
3 0.6638243198394775
4 0.660729706287384
5 0.646122395992279
6 0.6720475554466248
7 0.6369966864585876
8 0.6412389278411865
9 0.6250413656234741
10 0.6254823803901672
11 0.6292302012443542
12 0.6401965022087097
13 0.6082717180252075
14 0.6130214929580688
15 0.6076928973197937
16 0.6051722764968872
17 0.6006515622138977
18 0.6106538772583008
19 0.6026298999786377
20 0.5950198173522949
21 0.5861517190933228
22 0.586826503276825
23 0.5809680819511414
24 0.5803656578063965
25 0.5751150846481323
26 0.5720152854919434
27 0.566821277141571
28 0.5626808404922485
29 0.5593947768211365
30 0.5563247203826904
31 0.5514046549797058
32 0.5487104058265686
33 0.5450817346572876
34 0.5418100953102112
35 0.5394628643989563
36 0.5366647839546204
37 0.5350798964500427
38 0.5340485572814941
39 0.5335716605186462
40 0.669506311416626
