0 0.7182443737983704
1 0.6041085124015808
2 0.5635803937911987
3 0.5311949849128723
4 0.519680380821228
5 0.5102784037590027
6 0.5017303824424744
7 0.4999120533466339
8 0.4889407157897949
9 0.4809209406375885
10 0.48571741580963135
11 0.4737768769264221
12 0.4712876081466675
13 0.4671548008918762
14 0.4631143808364868
15 0.4609852433204651
16 0.45596233010292053
17 0.45449861884117126
18 0.45013710856437683
19 0.445894330739975
20 0.4424786865711212
21 0.4422496557235718
22 0.43716976046562195
23 0.4349152743816376
24 0.4340377449989319
25 0.43057331442832947
26 0.43051832914352417
27 0.4279588460922241
28 0.4240255653858185
29 0.42257535457611084
30 0.4189750552177429
31 0.4184580445289612
