0 0.7333680391311646
1 0.6142048239707947
2 0.5821713805198669
3 0.5586764812469482
4 0.5280594825744629
5 0.5152674913406372
6 0.5016139149665833
7 0.4938991367816925
8 0.5330930352210999
9 0.48368239402770996
10 0.47405344247817993
11 0.46648138761520386
12 0.4680010676383972
13 0.4613298773765564
14 0.4564265012741089
15 0.45989155769348145
16 0.4507206976413727
17 0.44669309258461
18 0.44350382685661316
19 0.4397803246974945
20 0.43933001160621643
21 0.4345037043094635
22 0.4331834316253662
23 0.428668349981308
24 0.4230179488658905
25 0.42097267508506775
26 0.42335745692253113
27 0.42181825637817383
28 0.4150230586528778
29 0.416498064994812
30 0.4136277437210083
31 0.41307786107063293
32 0.41385185718536377
33 0.41141799092292786
34 0.4127827286720276
