0 0.8007301688194275
1 0.6746922135353088
2 0.627633273601532
3 0.6088438630104065
4 0.573174238204956
5 0.5678882002830505
6 0.5477931499481201
7 0.5331442952156067
8 0.5229761600494385
9 0.5121134519577026
10 0.5102130174636841
11 0.504724383354187
12 0.5055344700813293
13 0.5014224052429199
14 0.48579588532447815
15 0.4887337386608124
16 0.48042187094688416
17 0.4839681386947632
18 0.5035212635993958
19 0.4761899709701538
20 0.4761691093444824
21 0.4704468846321106
22 0.46440455317497253
23 0.45841678977012634
24 0.45880845189094543
25 0.45752817392349243
26 0.5754104852676392
27 0.45337122678756714
28 0.45067256689071655
29 0.45054084062576294
30 0.45113250613212585
31 0.4480290710926056
