0 0.8431036472320557
1 0.5981158018112183
2 0.6927995681762695
3 0.5936235189437866
4 0.5776378512382507
5 0.5709354877471924
6 0.6027597784996033
7 0.5613998174667358
8 0.5300278067588806
9 0.6290360689163208
10 0.5690279603004456
11 0.5668102502822876
12 0.5096753835678101
13 0.5215268731117249
14 0.5031817555427551
15 0.5497130155563354
16 0.4931185245513916
17 0.5091269612312317
18 0.5064603686332703
19 0.5337942838668823
20 0.49100345373153687
21 0.5054934024810791
22 0.4810343086719513
23 0.4781920909881592
24 0.466116726398468
25 0.46437138319015503
26 0.4742870032787323
27 0.4619216322898865
28 0.4613170325756073
29 0.4919191896915436
30 0.47048279643058777
31 0.4378281831741333
32 0.4374883770942688
33 0.4347815215587616
34 0.4305214285850525
35 0.42648494243621826
36 0.4237101972103119
37 0.4240436255931854
38 0.42223668098449707
39 0.4220391809940338
40 0.5831584334373474
41 0.6166813373565674
42 0.6659417152404785
43 0.6860871315002441
44 0.6961504220962524
45 0.6541649103164673
46 0.6592441201210022
47 0.6727321743965149
48 0.6712554693222046
49 0.6440452337265015
50 0.6353318095207214
