0 0.8972196578979492
1 0.6669438481330872
2 0.5980006456375122
3 0.5830385088920593
4 0.5853644609451294
5 0.61530601978302
6 0.5572746992111206
7 0.5728392601013184
8 0.5406751036643982
9 0.5278717279434204
10 0.5311176776885986
11 0.5314381718635559
12 0.5132209658622742
13 0.5588775873184204
14 0.4968257248401642
15 0.49664679169654846
16 0.5071646571159363
17 0.49307915568351746
18 0.4953388273715973
19 0.48227164149284363
20 0.4907594919204712
21 0.47931143641471863
22 0.4736154079437256
23 0.47154006361961365
