0 0.9259100556373596
1 0.8420750498771667
2 0.7815877199172974
3 0.6580806374549866
4 0.6096846461296082
5 0.5886444449424744
6 0.7289356589317322
7 0.5418105125427246
8 0.531487762928009
9 0.5110385417938232
10 0.49995124340057373
11 0.48249831795692444
12 0.4681057929992676
13 0.4981463849544525
14 0.45788589119911194
15 0.47263622283935547
16 0.4241960346698761
17 0.418287992477417
18 0.4090823233127594
19 0.39910590648651123
20 0.4019286334514618
21 0.3963097929954529
22 0.38788896799087524
23 0.37536028027534485
24 0.379912793636322
