0 0.856918454170227
1 0.7669285535812378
2 0.6959670782089233
3 0.6540075540542603
4 0.6224672794342041
5 0.5972802639007568
6 0.5793085694313049
7 0.566443681716919
8 0.5572995543479919
9 0.5507910847663879
10 0.5450389385223389
11 0.5396656394004822
12 0.5367781519889832
13 0.5344944596290588
14 0.5311736464500427
15 0.5276060104370117
16 0.5243848562240601
17 0.5218504667282104
18 0.5193723440170288
19 0.5169692039489746
20 0.5146291851997375
21 0.5119840502738953
22 0.5091466903686523
23 0.5059133768081665
24 0.5034080147743225
25 0.5008139610290527
26 0.49905675649642944
27 0.49620115756988525
28 0.4924828112125397
29 0.4902322590351105
30 0.4881177842617035
31 0.4864988923072815
32 0.4842258095741272
33 0.48205554485321045
34 0.47994253039360046
35 0.4780614376068115
36 0.4770737588405609
37 0.475885272026062
38 0.47526517510414124
