0 0.8915425539016724
1 0.7762418389320374
2 0.6808552145957947
3 0.6330355405807495
4 0.5859755277633667
5 0.5756269693374634
6 0.5584210157394409
7 0.541165828704834
8 0.5358769297599792
9 1.0516434907913208
10 1.0515267848968506
11 1.0496259927749634
12 1.0507779121398926
13 1.0514652729034424
14 1.0497499704360962
15 1.049006462097168
16 1.0510987043380737
17 1.0504859685897827
18 1.0501492023468018
19 1.0531307458877563
20 1.053027629852295
21 1.0438268184661865
22 1.043792724609375
23 1.0437427759170532
24 1.0437942743301392
25 1.047735571861267
26 1.0438506603240967
27 1.0448869466781616
28 1.0436153411865234
29 1.0418285131454468
30 1.0448940992355347
31 1.0443710088729858
32 1.0438567399978638
33 1.0445410013198853
34 1.0233032703399658
35 1.0190412998199463
36 1.015431523323059
37 1.0154753923416138
38 1.009812593460083
39 1.015864610671997
40 1.0105401277542114
41 1.0162341594696045
42 1.0028064250946045
43 1.0003432035446167
44 1.0068024396896362
45 1.0096427202224731
46 0.9980536103248596
47 1.0039453506469727
48 1.0165807008743286
49 1.0032525062561035
50 1.0113449096679688
51 1.0017040967941284
52 0.9869658946990967
53 0.9849538207054138
54 0.9825748205184937
55 0.9740914106369019
56 0.967079222202301
57 0.9693206548690796
58 0.9826034903526306
59 0.9701834917068481
60 0.9551056623458862
61 0.9499661922454834
62 0.9470843076705933
63 0.9395875334739685
64 0.9355700016021729
65 0.9282039999961853
66 0.922322690486908
67 0.9184921979904175
68 0.917343020439148
69 0.9132433533668518
70 0.9098055362701416
71 0.9102565050125122
72 0.9081329107284546
73 0.9062122702598572
74 0.9055953025817871
75 0.907448947429657
76 0.9039029479026794
77 0.9029186964035034
78 0.9010741114616394
79 0.9012940526008606
80 0.9010501503944397
81 0.9033923149108887
82 0.8991234302520752
83 0.8987935781478882
84 0.8978143930435181
85 0.8965785503387451
86 0.895523190498352
87 0.8941077589988708
88 0.8916475176811218
89 0.890364408493042
90 0.8889905214309692
91 0.8866214156150818
92 0.8858026266098022
