0 0.8105211853981018
1 0.6176834106445312
2 0.5683210492134094
3 0.5589763522148132
4 0.552897036075592
5 0.5429466962814331
6 0.5720135569572449
7 0.6142524480819702
8 0.8343003988265991
9 0.8456780910491943
10 0.8925350308418274
11 0.9464178085327148
12 0.9184964299201965
13 0.9574317932128906
14 0.9831084609031677
15 1.0548086166381836
16 1.0545645952224731
17 1.0547255277633667
18 1.053792119026184
19 1.0540634393692017
20 1.0547912120819092
21 1.054533839225769
22 1.0426172018051147
23 1.053687572479248
24 1.0547313690185547
25 1.054925560951233
26 1.0530387163162231
27 1.0559395551681519
28 1.0550129413604736
29 1.05434250831604
30 1.054941177368164
31 1.0547947883605957
32 1.0541892051696777
33 1.0555932521820068
34 1.0544514656066895
35 1.0549933910369873
36 1.053834080696106
37 1.0512374639511108
38 1.0544670820236206
39 1.0509467124938965
