0 0.8628531694412231
1 0.7510833144187927
2 0.6468294262886047
3 0.5950137972831726
4 0.5617048740386963
5 0.5429800748825073
6 0.5297890901565552
7 0.5261511206626892
8 0.5107936263084412
9 0.5014772415161133
10 0.5046008229255676
11 0.5179521441459656
12 0.49075254797935486
13 0.48901909589767456
14 0.48819926381111145
15 0.487552285194397
16 0.47993725538253784
17 0.49245160818099976
18 0.47257447242736816
19 0.4649142920970917
20 0.4836979806423187
21 0.4592449963092804
22 0.47412824630737305
23 0.4618905484676361
24 0.5327854156494141
25 0.45509180426597595
26 0.4620594084262848
27 0.449252724647522
28 0.4972793757915497
29 0.4443593919277191
30 0.45153653621673584
31 0.44776880741119385
32 0.4383467137813568
33 0.4524311423301697
34 0.4356656074523926
35 0.4407881796360016
36 0.4388000965118408
37 0.42842015624046326
38 0.4349891245365143
39 0.44068074226379395
40 0.4220889210700989
41 0.4415762424468994
42 0.43205514550209045
43 0.41625720262527466
44 0.41761845350265503
45 0.43313339352607727
46 0.42288118600845337
47 0.40582287311553955
48 0.4195249676704407
49 0.40319889783859253
50 0.40251487493515015
51 0.4049251973628998
52 0.3944290280342102
53 0.39485740661621094
54 0.3924558758735657
55 0.39190441370010376
56 0.38745155930519104
57 0.39106571674346924
58 0.38629889488220215
59 0.3831155598163605
60 0.38491490483283997
61 0.382298082113266
62 0.37856024503707886
63 0.37475109100341797
64 0.375795841217041
65 0.3726726770401001
66 0.38093793392181396
67 0.37108030915260315
68 0.370111882686615
69 0.37140321731567383
70 0.36851492524147034
71 0.367411732673645
72 0.3681723177433014
73 0.36727669835090637
74 0.3667854964733124
75 0.36830949783325195
76 0.36439770460128784
77 0.36737239360809326
78 0.3676496744155884
79 0.3656693994998932
80 0.3667386770248413
81 0.3651777505874634
