0 0.8954467177391052
1 0.8185287714004517
2 0.743450403213501
3 0.6785287261009216
4 0.6333703398704529
5 0.6022081971168518
6 0.5809631943702698
7 0.5590645670890808
8 0.5465272665023804
9 0.5332974791526794
10 0.5295069217681885
11 0.5301526188850403
12 0.5111681222915649
13 0.5271281003952026
14 0.5132976770401001
15 0.49581655859947205
16 0.4959464967250824
17 0.4829722046852112
18 0.48395025730133057
19 0.4905819594860077
20 0.4824017286300659
21 0.47307178378105164
22 0.478071928024292
23 0.46345967054367065
24 0.4669685363769531
25 0.46051597595214844
26 0.4642470180988312
27 0.4550577700138092
28 0.4562794268131256
29 0.45224329829216003
30 0.44919443130493164
31 0.4456271827220917
32 0.44308197498321533
33 0.4408380091190338
34 0.4437628388404846
35 0.43536001443862915
36 0.4440743327140808
37 0.4325340986251831
