0 0.8206071853637695
1 0.6521434187889099
2 0.5804867744445801
3 0.5697298645973206
4 0.6107580065727234
5 0.5374904274940491
6 1.0526478290557861
7 1.0522427558898926
8 1.0482158660888672
9 1.049127459526062
10 1.0512924194335938
11 1.0549196004867554
12 1.0505757331848145
13 1.0517586469650269
14 1.0507405996322632
15 1.0471333265304565
16 1.0159236192703247
17 1.0095622539520264
18 1.007360577583313
19 1.0310157537460327
20 1.0231032371520996
21 1.055187463760376
22 1.055263876914978
23 1.054642915725708
24 1.053381085395813
25 1.0512443780899048
26 1.0503400564193726
27 1.0507689714431763
28 1.0493346452713013
29 1.0873351097106934
30 1.0537991523742676
31 1.0516421794891357
32 1.033103585243225
33 1.0252176523208618
34 1.023018479347229
35 1.0522212982177734
36 1.0535558462142944
37 1.050554633140564
38 1.0513358116149902
39 1.052404761314392
40 1.051162838935852
41 1.0503332614898682
42 1.0544652938842773
