0 0.961694598197937
1 0.8803789615631104
2 0.8470356464385986
3 0.7462019920349121
4 0.6999787092208862
5 0.6396183967590332
6 0.613236129283905
7 0.579982578754425
8 0.5371918678283691
9 0.5221055746078491
10 0.508307933807373
11 0.5027270913124084
12 0.49520283937454224
13 0.47020211815834045
14 0.46046605706214905
15 0.4470933973789215
16 0.44803401827812195
17 0.4418206214904785
18 0.43192926049232483
19 0.4206753969192505
20 0.42615634202957153
21 0.41722938418388367
22 0.41563600301742554
23 0.40878283977508545
24 0.41118842363357544
25 0.38388288021087646
26 0.7167723774909973
27 0.3839739263057709
28 0.37553954124450684
29 0.37202444672584534
30 0.3758653700351715
31 0.3697708249092102
32 0.35569700598716736
33 0.3560947775840759
34 0.3508818447589874
35 0.3484596014022827
36 0.35062259435653687
37 0.32923078536987305
38 0.3420369029045105
39 0.3292502164840698
40 0.3325774669647217
41 0.32747602462768555
42 0.3279798924922943
43 0.32308754324913025
44 0.3177415132522583
45 0.31512880325317383
46 0.3044232428073883
47 0.3107256591320038
48 0.31495368480682373
49 0.3034338653087616
50 0.30467352271080017
51 0.2955479025840759
52 0.29818496108055115
53 0.2997225821018219
54 0.2972574234008789
55 0.2978082597255707
56 0.2908777892589569
57 0.28841954469680786
58 0.28601154685020447
59 0.28094035387039185
