0 0.9333264827728271
1 0.8445501327514648
2 0.8143150806427002
3 0.6421815156936646
4 0.6016167998313904
5 0.5695326924324036
6 0.5749264359474182
7 0.5027430653572083
8 0.47957247495651245
9 0.4696938991546631
10 0.45593082904815674
11 0.44714030623435974
12 0.45208248496055603
13 0.4306606948375702
14 0.42799124121665955
15 0.4081972539424896
16 0.3984605371952057
17 0.39871877431869507
18 0.42532652616500854
19 0.37821435928344727
20 0.3821178376674652
21 0.36920982599258423
22 0.37826254963874817
23 0.3510834872722626
24 0.35978513956069946
25 0.35241925716400146
26 0.3356206715106964
27 0.32551515102386475
28 0.32850176095962524
29 0.3246137201786041
30 0.32298266887664795
31 0.3178905248641968
32 0.3070295453071594
33 0.3045719265937805
34 0.30945447087287903
35 0.31831514835357666
36 0.2966183125972748
37 0.29554176330566406
38 0.28880441188812256
39 0.2828023433685303
40 0.2791757881641388
41 0.2878453731536865
42 0.2909429967403412
43 0.2755337953567505
44 0.2679983973503113
45 0.2752644419670105
46 0.2751392126083374
47 0.2769414484500885
48 0.26689448952674866
49 0.26258060336112976
50 0.2659120261669159
51 0.27152520418167114
52 0.2573556900024414
53 0.25872287154197693
54 0.26046767830848694
55 0.25612929463386536
56 0.24821393191814423
57 0.24670669436454773
58 0.25285404920578003
59 0.25407835841178894
60 0.24390245974063873
61 0.24543821811676025
62 0.24937596917152405
63 0.2412140816450119
64 0.2429991215467453
65 0.24357865750789642
66 0.24109657108783722
67 0.23716284334659576
68 0.2377520352602005
69 0.23768708109855652
70 0.2416171133518219
71 0.24057427048683167
72 0.23794469237327576
73 0.23380905389785767
74 0.23359404504299164
