0 0.9080203771591187
1 0.8242130875587463
2 0.6740961670875549
3 0.605721652507782
4 0.5665192008018494
5 0.5310410857200623
6 0.5177389979362488
7 0.5015169382095337
8 0.4786151647567749
9 0.4590073823928833
10 0.5126619338989258
11 0.4300331771373749
12 0.4512353837490082
13 0.4059412181377411
14 0.4081559181213379
15 0.4340042173862457
16 0.39345261454582214
17 0.3808274567127228
18 0.37181442975997925
19 0.37565773725509644
20 0.3714739680290222
21 0.35934382677078247
22 0.36124187707901
23 0.3563976287841797
24 0.4852595627307892
25 0.33847925066947937
26 0.3445177972316742
27 0.336727499961853
28 0.33906641602516174
29 0.3275131285190582
30 0.31706807017326355
31 0.3253786265850067
32 0.3238757848739624
33 0.3178243935108185
34 0.326986163854599
35 0.3241557478904724
36 0.3013739287853241
37 0.2872728109359741
38 0.2993541955947876
39 0.2935469150543213
40 0.2947050631046295
41 0.2873656749725342
42 0.2797020971775055
43 0.27861571311950684
44 0.27099013328552246
45 0.2740749716758728
46 0.26781365275382996
47 0.2724819481372833
48 0.2546231150627136
49 0.2654590308666229
50 0.2581949830055237
51 0.2542514204978943
52 0.260071337223053
53 0.25893086194992065
