0 0.8425403833389282
1 0.7107586860656738
2 0.610920250415802
3 0.5846880078315735
4 0.6407502293586731
5 0.5378801822662354
6 0.5059529542922974
7 0.48360908031463623
8 0.4771403670310974
9 0.4690718352794647
10 0.44540640711784363
11 0.43896374106407166
12 0.45211777091026306
13 0.4417285919189453
14 0.4304819405078888
15 0.446857750415802
16 0.9654384255409241
17 0.9661171436309814
18 0.9686247706413269
19 0.9673242568969727
20 0.9670004844665527
21 1.0302635431289673
22 1.0303484201431274
23 1.0301530361175537
24 1.0300103425979614
25 1.029974341392517
26 1.0299670696258545
27 1.0299525260925293
28 1.0299463272094727
29 1.029948115348816
30 1.029936671257019
31 1.029931902885437
32 1.0299286842346191
33 1.0358481407165527
34 1.0340192317962646
35 1.0319136381149292
36 1.0304771661758423
37 1.0300052165985107
38 1.0299272537231445
39 1.0299172401428223
40 1.0299181938171387
41 1.0299144983291626
42 1.0299173593521118
43 1.0299196243286133
44 1.029916524887085
45 0.9727127552032471
46 0.9536309838294983
47 0.9583448767662048
48 0.9417749643325806
49 0.9462276697158813
50 0.938147246837616
51 0.9343830943107605
52 0.9336615204811096
53 0.9326984882354736
54 0.9320268630981445
55 0.9313017129898071
