0 0.8586649298667908
1 0.7611599564552307
2 0.6190748810768127
3 0.5886563062667847
4 0.5573237538337708
5 0.5355165004730225
6 0.4990990459918976
7 0.4923606514930725
8 0.47026053071022034
9 0.456504762172699
10 0.460797518491745
11 0.4403171241283417
12 0.41120511293411255
13 0.42901062965393066
14 0.40988099575042725
15 0.4102934002876282
16 0.39824336767196655
17 0.3836648166179657
18 0.38702887296676636
19 0.411868155002594
20 0.38294747471809387
21 0.36744225025177
22 0.37634947896003723
23 0.3703480064868927
24 0.3481593728065491
25 0.35567060112953186
26 0.34383103251457214
27 0.35773766040802
28 0.35504624247550964
29 0.3400689661502838
30 0.33845826983451843
31 0.3280365467071533
32 0.3429637849330902
33 0.32960402965545654
34 0.32001441717147827
35 0.31604838371276855
36 0.31233906745910645
37 0.30267223715782166
38 0.3246082067489624
