0 0.8601274490356445
1 0.7087136507034302
2 0.6521167755126953
3 0.5623993873596191
4 0.5654946565628052
5 0.5301403403282166
6 0.5029919147491455
7 0.48582133650779724
8 0.467038094997406
9 0.4781128764152527
10 0.4428868293762207
11 0.43677836656570435
12 0.42881593108177185
13 0.41891512274742126
14 0.4156419038772583
15 0.4049018323421478
16 0.41585391759872437
17 0.41359734535217285
18 0.38972052931785583
19 0.392111212015152
20 0.385753333568573
21 0.3878838121891022
22 0.3860899806022644
23 0.37790387868881226
24 0.3593243658542633
25 0.3742404878139496
26 0.36144253611564636
27 0.3554915189743042
