0 0.8764860033988953
1 0.8001363277435303
2 0.6858162879943848
3 0.5884836912155151
4 0.6437821388244629
5 0.5376572608947754
6 0.5021276473999023
7 0.48947519063949585
8 0.47519680857658386
9 0.46492964029312134
10 0.4674346148967743
11 0.4427562952041626
12 0.44043081998825073
13 0.431689977645874
14 0.41579219698905945
15 0.4048476219177246
16 0.4229813516139984
17 0.3983512818813324
18 0.3881073296070099
19 0.39190369844436646
20 0.3937751054763794
21 0.37443527579307556
22 0.36665642261505127
23 0.34759414196014404
24 0.3500368893146515
25 0.3558887839317322
26 0.3482797145843506
27 0.34221893548965454
28 0.3449062705039978
29 0.33160731196403503
30 0.3319803774356842
31 0.33440640568733215
32 0.3278741240501404
33 0.32895901799201965
34 0.3093366324901581
35 0.3123573660850525
36 0.3119739592075348
37 0.3142782151699066
38 0.3031650483608246
39 0.30630844831466675
40 0.285613089799881
41 0.3023901879787445
42 0.2883283495903015
43 0.27931106090545654
44 0.2881535589694977
45 0.2710609436035156
46 0.27681297063827515
47 0.27021944522857666
48 0.26855164766311646
49 0.27254951000213623
50 0.26519879698753357
51 0.2631814777851105
52 0.2592712938785553
53 0.2571600675582886
54 0.25911203026771545
55 0.26082560420036316
