0 0.869601309299469
1 0.7903384566307068
2 0.6428194046020508
3 0.5773178935050964
4 0.5696716904640198
5 0.5335612297058105
6 0.5320078730583191
7 0.4942832589149475
8 0.47829753160476685
9 0.5410323739051819
10 0.46029478311538696
11 0.4520755708217621
12 0.4366382360458374
13 0.4166167676448822
14 0.42222991585731506
15 0.4225439131259918
16 0.3909721374511719
17 0.405210018157959
18 0.38680222630500793
19 0.37689223885536194
20 0.38988015055656433
21 0.3942398428916931
22 0.3632330000400543
23 0.36748257279396057
24 0.367302805185318
25 0.37068870663642883
26 0.3443630337715149
27 0.34108227491378784
28 0.3459703326225281
29 0.32666540145874023
30 0.3374005854129791
31 0.3228617012500763
32 0.3184177875518799
33 0.3121510446071625
34 0.31770095229148865
35 0.30924683809280396
36 0.3078139126300812
37 0.3078201115131378
38 0.29564833641052246
39 0.30394333600997925
40 0.2964000403881073
41 0.3078581392765045
42 0.3027462661266327
43 0.2815921902656555
44 0.2837173342704773
45 0.2750433087348938
46 0.27403828501701355
47 0.2686551809310913
48 0.2718198895454407
49 0.2748865485191345
50 0.2788707911968231
51 0.26243165135383606
52 0.26072096824645996
53 0.25921568274497986
54 0.25488215684890747
55 0.25180408358573914
56 0.24618861079216003
57 0.24877043068408966
58 0.2482989877462387
59 0.24782298505306244
60 0.2457553744316101
61 0.24497225880622864
