0 0.8401298522949219
1 0.7674517631530762
2 0.5997563600540161
3 0.57003253698349
4 0.58710777759552
5 0.520041823387146
6 0.5074341297149658
7 0.4954774081707001
8 0.47604265809059143
9 0.4455919563770294
10 0.44691038131713867
11 0.47268205881118774
12 0.4677387475967407
13 0.48105180263519287
14 0.45882660150527954
15 0.4859570860862732
16 0.45435112714767456
17 0.42070886492729187
18 0.46013933420181274
19 0.43856561183929443
20 0.41946807503700256
21 0.444978803396225
22 0.39873483777046204
23 0.4094739556312561
24 0.4340595602989197
25 0.40350741147994995
26 0.40450629591941833
27 0.3883349597454071
28 0.39696362614631653
29 0.500136137008667
30 0.38780829310417175
31 0.3740836977958679
32 0.3680115044116974
33 0.4021567106246948
34 0.3659476935863495
35 0.35909125208854675
36 0.362632155418396
37 0.36415794491767883
38 0.34762001037597656
39 0.3339468836784363
40 0.3409741520881653
41 0.31410351395606995
42 0.32242587208747864
43 0.31288856267929077
