0 0.8685302138328552
1 0.7367912530899048
2 0.6155984997749329
3 0.5869495868682861
4 0.5823336839675903
5 0.5221464037895203
6 0.509227454662323
7 0.48618099093437195
8 0.4811282157897949
9 0.46360015869140625
10 0.45464128255844116
11 0.43668705224990845
12 0.43789783120155334
13 0.434100478887558
14 0.42171505093574524
15 0.4107893109321594
16 0.4054590165615082
17 0.3978629410266876
18 0.39499431848526
19 0.38237518072128296
20 0.38519927859306335
21 0.3813215494155884
22 0.3908798396587372
