0 0.7678015232086182
1 0.6436211466789246
2 0.5961229801177979
3 0.577653706073761
4 0.5664206147193909
5 0.5538264513015747
6 0.5242875218391418
7 0.5466872453689575
8 0.5050091743469238
9 0.4990532398223877
10 0.4900951683521271
11 1.0474497079849243
12 1.0399651527404785
13 1.040358543395996
14 1.0378342866897583
15 1.0390411615371704
16 1.0427137613296509
17 1.0431324243545532
18 1.042346715927124
19 1.0400876998901367
20 1.039967656135559
21 1.0395724773406982
22 1.0410772562026978
23 1.0399502515792847
24 1.0391461849212646
25 1.0393435955047607
26 1.04007089138031
27 1.037278175354004
28 1.0345635414123535
29 1.03415048122406
30 1.0324612855911255
31 1.0313984155654907
32 1.0317209959030151
33 1.0310362577438354
34 1.0300133228302002
35 1.0294301509857178
36 1.0285439491271973
37 1.0279250144958496
38 1.0274382829666138
39 1.0273137092590332
40 1.0335748195648193
41 1.039027452468872
42 1.0390688180923462
43 1.0400077104568481
44 1.0399484634399414
45 1.0326393842697144
46 1.030969500541687
47 1.0321406126022339
48 1.0347343683242798
49 1.018464207649231
50 1.0263711214065552
51 1.045905351638794
52 1.056278944015503
53 1.0379587411880493
54 1.0287872552871704
55 1.0266155004501343
56 1.0062861442565918
57 1.0027191638946533
58 1.0127404928207397
59 0.9978950023651123
60 0.9966743588447571
61 0.9918110370635986
62 0.9923202991485596
63 0.9885547161102295
64 0.9882290959358215
65 0.9879697561264038
66 0.991671085357666
67 0.9863802194595337
68 0.9832958579063416
69 0.979672372341156
70 0.9774407148361206
71 0.975445032119751
72 0.9761713743209839
73 0.973545491695404
74 0.9724260568618774
75 0.9716216325759888
